python rep_pam.py 1ap7 pdb1ap7 A 8 165 30 --Ca 8 42 139 109 77 --insert 8 9 10 50 51 52 53 54 129 130 131
python rep_pam.py 1b3u pdb1b3u A 8 585 37 --Ca 43 8 119 196 158 274 313 356 82 395 512 473 434 551 235 --insert 57 58 59 60 61 291 292 293 294
python rep_pam.py 1b3u pdb1b3u B 43 585 37 --Ca 43 158 119 196 236 274 313 82 395 474 434 552 512 356 --insert 313 314 315 316 57 58 59 60 61 85 86 87 88 217 218 219 220
python rep_pam.py 1bm1 pdb1bm1 A 20 215 31 --Ca 20 55 86 114 149 181 --insert 65 66 67 68 69 70 71 72 73 74 75
python rep_pam.py 1ejl pdb1ejl I 89 481 42 --Ca 89 223 175 306 390 264 133 349 433 --insert 428 429 430 476 477 478 479 237 238 239 106 107 108
python rep_pam.py 1ejy pdb1ejy I 89 481 42 --Ca 133 175 89 223 264 306 349 390 433 --insert 428 429 430 340 341 342 476 477 478 479 237 238 239 106 107 108 217 218 219
python rep_pam.py 1ft2 pdb1ft2 A 114 364 34 --Ca 114 183 148 217 251 288 330 --insert 288 289 290 291 327 328 329 253 254 255 348 349 350 351 352
python rep_pam.py 1g3n pdb1g3n B 6 160 30 --Ca 6 38 70 103 135 --insert 31 32 33 34 116 117 118
python rep_pam.py 1g3n pdb1g3n F 7 160 29 --Ca 7 38 70 103 135 --insert 116 117 118
python rep_pam.py 1ial pdb1ial A 89 481 42 --Ca 89 133 175 223 390 349 433 264 307 --insert 217 218 219 243 244 245
python rep_pam.py 1ihb pdb1ihb A 6 160 30 --Ca 6 38 70 103 135 --insert 115 116 117 13 14 15
python rep_pam.py 1ihb pdb1ihb B 7 160 29 --Ca 7 38 70 103 135 --insert 126 127 128 129
python rep_pam.py 1ikn pdb1ikn D 79 279 32 --Ca 79 111 144 183 217 250 --insert 129 130 131 132 133 134 135 136 137 138 139 140 141 171 172 173 275 276 277
python rep_pam.py 1iq1 pdb1iq1 C 89 481 42 --Ca 133 175 223 307 264 349 390 433 89 --insert 217 218 219 238 239 240 448 449 450 451 452
python rep_pam.py 1jcq pdb1jcq A 114 366 35 --Ca 114 148 182 217 288 330 251 --insert 309 310 311 346 347 348 349 350
python rep_pam.py 1jcr pdb1jcr A 113 366 35 --Ca 113 183 148 217 251 288 330 --insert 309 310 311 346 347 348 349 350 288 289 290 291
python rep_pam.py 1jcs pdb1jcs A 113 366 35 --Ca 113 183 217 148 251 288 330 --insert 309 310 311 288 289 290 291 346 347 348 349 350
python rep_pam.py 1k1a pdb1k1a A 128 333 33 --Ca 128 164 234 197 268 301 --insert 153 154 155 156 157 158 159 160 161 220 221 222 223
python rep_pam.py 1kzp pdb1kzp A 114 367 35 --Ca 114 148 183 217 330 288 251 --insert 288 289 290 291 309 310 311 346 347 348 349 350
python rep_pam.py 1ld7 pdb1ld7 A 114 366 35 --Ca 183 114 148 288 251 325 217 --insert 288 289 290 291 309 310 311 346 347 348 349 350
python rep_pam.py 1ld8 pdb1ld8 A 114 366 35 --Ca 114 183 148 217 251 288 330 --insert 288 289 290 291 309 310 311 346 347 348 349 350
python rep_pam.py 1lrv pdb1lrv A 40 228 22 --Ca 40 64 88 111 184 208 136 159 --insert 49 50 51
python rep_pam.py 1mx2 pdb1mx2 A 6 160 30 --Ca 6 38 70 135 103 --insert 115 116 117
python rep_pam.py 1mx2 pdb1mx2 B 7 160 29 --Ca 7 38 70 135 103 --insert 63 64 65 66 115 116 117
python rep_pam.py 1mx4 pdb1mx4 A 5 160 30 --Ca 5 38 70 103 135 --insert 111 112 113 31 32 33 34
python rep_pam.py 1mx4 pdb1mx4 B 5 162 30 --Ca 5 70 103 38 135 --insert 63 64 65 66 115 116 117
python rep_pam.py 1mx6 pdb1mx6 A 6 160 30 --Ca 6 38 70 103 135 --insert 115 116 117
python rep_pam.py 1mx6 pdb1mx6 B 7 162 30 --Ca 7 135 103 38 70 --insert 115 116 117
python rep_pam.py 1mzc pdb1mzc A 114 366 35 --Ca 114 183 217 251 330 288 148 --insert 309 310 311 346 347 348 349 350
python rep_pam.py 1n11 pdb1n11 A 405 789 31 --Ca 405 437 470 503 536 569 602 635 701 765 734 668 --insert 
python rep_pam.py 1n4p pdb1n4p C 114 366 35 --Ca 114 148 251 217 183 288 330 --insert 288 289 290 291 309 310 311 346 347 348 349 350
python rep_pam.py 1n4p pdb1n4p G 113 367 35 --Ca 113 148 183 251 288 216 327 --insert 356 357 358 359 360 361 362 363 364 365 366 367 289 290 291 292 309 310 311
python rep_pam.py 1n4p pdb1n4p I 113 367 35 --Ca 113 183 251 288 327 216 148 --insert 356 357 358 359 360 361 362 363 364 365 366 367 289 290 291 292 309 310 311
python rep_pam.py 1n4p pdb1n4p K 114 366 35 --Ca 114 148 183 288 330 217 251 --insert 309 310 311 346 347 348 349 350 288 289 290 291
python rep_pam.py 1n4q pdb1n4q A 113 367 35 --Ca 216 113 183 251 288 327 148 --insert 356 357 358 359 360 361 362 363 364 365 366 367 289 290 291 292 309 310 311
python rep_pam.py 1n4q pdb1n4q C 114 366 35 --Ca 114 148 183 215 288 251 330 --insert 288 289 290 291 309 310 311 346 347 348 349 350
python rep_pam.py 1n4q pdb1n4q E 114 366 35 --Ca 148 114 183 217 251 288 330 --insert 288 289 290 291 309 310 311 346 347 348 349 350
python rep_pam.py 1n4q pdb1n4q G 113 367 35 --Ca 148 113 183 216 251 288 327 --insert 309 310 311 289 290 291 292 356 357 358 359 360 361 362 363 364 365 366 367
python rep_pam.py 1n4q pdb1n4q I 114 366 35 --Ca 114 183 217 251 288 330 148 --insert 288 289 290 291 309 310 311 346 347 348 349 350
python rep_pam.py 1n4q pdb1n4q K 113 367 35 --Ca 113 148 288 251 327 183 216 --insert 289 290 291 292 356 357 358 359 360 361 362 363 364 365 366 367 309 310 311
python rep_pam.py 1n4r pdb1n4r A 113 367 35 --Ca 148 113 216 183 251 288 327 --insert 356 357 358 359 360 361 362 363 364 365 366 367 289 290 291 292 309 310 311
python rep_pam.py 1n4r pdb1n4r C 114 366 35 --Ca 148 114 288 251 183 330 217 --insert 309 310 311 288 289 290 291 346 347 348 349 350
python rep_pam.py 1n4r pdb1n4r E 114 366 35 --Ca 114 148 183 217 251 288 330 --insert 288 289 290 291 346 347 348 349 350 309 310 311
python rep_pam.py 1n4r pdb1n4r G 114 364 34 --Ca 148 183 217 288 251 330 114 --insert 288 289 290 291 267 268 269 348 349 350 351 352 327 328 329
python rep_pam.py 1n4r pdb1n4r I 113 367 35 --Ca 148 113 183 216 251 288 327 --insert 356 357 358 359 360 361 362 363 364 365 366 367 289 290 291 292 309 310 311
python rep_pam.py 1n4r pdb1n4r K 113 367 35 --Ca 113 148 183 216 251 327 288 --insert 356 357 358 359 360 361 362 363 364 365 366 367 289 290 291 292 309 310 311
python rep_pam.py 1n4s pdb1n4s A 114 366 35 --Ca 114 148 215 330 288 251 183 --insert 288 289 290 291 309 310 311 346 347 348 349 350
python rep_pam.py 1n4s pdb1n4s C 114 366 35 --Ca 114 183 148 217 251 288 330 --insert 346 347 348 349 350 309 310 311 288 289 290 291
python rep_pam.py 1n4s pdb1n4s E 113 367 35 --Ca 113 148 216 183 251 327 288 --insert 356 357 358 359 360 361 362 363 364 365 366 367 289 290 291 292 309 310 311
python rep_pam.py 1n4s pdb1n4s G 114 364 34 --Ca 114 183 217 251 288 330 148 --insert 288 289 290 291 327 328 329 251 252 253 254 348 349 350 351 352
python rep_pam.py 1n4s pdb1n4s I 113 367 35 --Ca 113 148 251 216 288 327 183 --insert 356 357 358 359 360 361 362 363 364 365 366 367 289 290 291 292 309 310 311
python rep_pam.py 1n4s pdb1n4s K 113 367 35 --Ca 113 183 251 288 327 216 148 --insert 356 357 358 359 360 361 362 363 364 365 366 367 289 290 291 292 309 310 311
python rep_pam.py 1n94 pdb1n94 A 114 366 35 --Ca 114 148 183 215 251 288 330 --insert 288 289 290 291 309 310 311 346 347 348 349 350
python rep_pam.py 1n95 pdb1n95 A 114 366 35 --Ca 114 148 183 217 330 288 251 --insert 288 289 290 291 270 271 272 306 307 308 346 347 348 349 350
python rep_pam.py 1nfi pdb1nfi E 75 249 34 --Ca 111 75 144 183 215 --insert 171 172 173 174 175 176 177 100 101 102 103 104
python rep_pam.py 1nfi pdb1nfi F 75 279 33 --Ca 75 111 183 215 144 250 --insert 101 102 103 104 171 172 173 174 175 176 177
python rep_pam.py 1ni1 pdb1ni1 A 114 366 35 --Ca 148 114 183 217 288 330 251 --insert 288 289 290 291 309 310 311 346 347 348 349 350
python rep_pam.py 1nl4 pdb1nl4 A 114 366 35 --Ca 114 148 183 330 217 251 288 --insert 309 310 311 288 289 290 291 346 347 348 349 350
python rep_pam.py 1o1r pdb1o1r A 113 367 35 --Ca 113 148 183 216 251 288 327 --insert 356 357 358 359 360 361 362 363 364 365 366 367 289 290 291 292 309 310 311
python rep_pam.py 1o1t pdb1o1t A 113 367 35 --Ca 113 148 183 216 288 327 251 --insert 289 290 291 292 356 357 358 359 360 361 362 363 364 365 366 367 309 310 311
python rep_pam.py 1o5m pdb1o5m A 113 367 35 --Ca 113 148 183 216 288 251 327 --insert 356 357 358 359 360 361 362 363 364 365 366 367 289 290 291 292 309 310 311
python rep_pam.py 1pjm pdb1pjm B 89 479 42 --Ca 134 89 175 223 349 264 390 433 307 --insert 217 218 219 220
python rep_pam.py 1pjn pdb1pjn B 89 481 42 --Ca 89 133 223 264 307 349 433 390 175 --insert 217 218 219 220
python rep_pam.py 1q1s pdb1q1s C 89 481 42 --Ca 89 134 176 264 307 349 390 433 223 --insert 340 341 342 343 429 430 431 432 237 238 239 240 109 110 111 453 454 455
python rep_pam.py 1q1t pdb1q1t C 89 481 42 --Ca 176 133 223 264 307 390 349 433 89 --insert 428 429 430 453 454 455 237 238 239 240 109 110 111
python rep_pam.py 1qbq pdb1qbq A 114 366 35 --Ca 114 217 251 288 330 148 183 --insert 270 271 272 288 289 290 291 306 307 308 346 347 348 349 350
python rep_pam.py 1s63 pdb1s63 A 114 366 35 --Ca 148 114 183 217 251 288 330 --insert 309 310 311 346 347 348 349 350
python rep_pam.py 1s64 pdb1s64 A 114 364 34 --Ca 114 183 148 251 217 288 330 --insert 344 345 346 288 289 290 291 309 310 311
python rep_pam.py 1s64 pdb1s64 C 114 364 34 --Ca 114 251 183 288 217 330 148 --insert 344 345 346 288 289 290 291 309 310 311
python rep_pam.py 1s64 pdb1s64 E 114 364 34 --Ca 114 148 251 288 183 330 217 --insert 344 345 346 288 289 290 291 309 310 311
python rep_pam.py 1s64 pdb1s64 G 114 364 34 --Ca 114 148 217 183 288 330 251 --insert 344 345 346 288 289 290 291 309 310 311
python rep_pam.py 1s64 pdb1s64 I 114 364 34 --Ca 114 148 217 288 330 183 251 --insert 344 345 346 309 310 311 288 289 290 291
python rep_pam.py 1s64 pdb1s64 K 114 366 35 --Ca 148 251 288 330 114 183 217 --insert 288 289 290 291 309 310 311 346 347 348 349 350
python rep_pam.py 1s70 pdb1s70 B 39 291 30 --Ca 73 39 106 139 199 232 265 --insert 142 143 144 145 268 269 270
python rep_pam.py 1sa4 pdb1sa4 A 114 366 35 --Ca 114 183 148 251 288 217 330 --insert 309 310 311 346 347 348 349 350
python rep_pam.py 1sa5 pdb1sa5 A 114 366 35 --Ca 114 217 251 183 288 330 148 --insert 288 289 290 291 309 310 311 346 347 348 349 350
python rep_pam.py 1tn6 pdb1tn6 A 114 366 35 --Ca 114 148 183 251 288 217 330 --insert 309 310 311 346 347 348 349 350
python rep_pam.py 1tn7 pdb1tn7 A 113 367 35 --Ca 148 113 183 216 288 327 251 --insert 356 357 358 359 360 361 362 363 364 365 366 367 289 290 291 292 309 310 311
python rep_pam.py 1tn8 pdb1tn8 A 113 366 35 --Ca 113 148 251 217 288 330 183 --insert 288 289 290 291 346 347 348 349 350 309 310 311
python rep_pam.py 1tnb pdb1tnb A 113 367 35 --Ca 113 148 183 288 327 251 216 --insert 356 357 358 359 360 361 362 363 364 365 366 367 309 310 311 289 290 291 292
python rep_pam.py 1tnb pdb1tnb C 113 367 35 --Ca 113 148 183 216 251 288 327 --insert 309 310 311 289 290 291 292 356 357 358 359 360 361 362 363 364 365 366 367
python rep_pam.py 1tnb pdb1tnb E 114 366 35 --Ca 114 148 183 217 251 288 330 --insert 288 289 290 291 309 310 311 346 347 348 349 350
python rep_pam.py 1tnb pdb1tnb G 114 366 35 --Ca 148 183 217 288 251 330 114 --insert 288 289 290 291 309 310 311 346 347 348 349 350
python rep_pam.py 1tnb pdb1tnb I 114 366 35 --Ca 114 148 251 216 288 330 183 --insert 288 289 290 291 309 310 311 346 347 348 349 350
python rep_pam.py 1tnb pdb1tnb K 113 367 35 --Ca 113 148 216 183 251 288 327 --insert 289 290 291 292 356 357 358 359 360 361 362 363 364 365 366 367 309 310 311
python rep_pam.py 1tno pdb1tno A 113 367 35 --Ca 113 183 216 251 327 288 148 --insert 356 357 358 359 360 361 362 363 364 365 366 367 309 310 311 289 290 291 292
python rep_pam.py 1tno pdb1tno C 113 367 35 --Ca 113 148 183 216 251 288 327 --insert 356 357 358 359 360 361 362 363 364 365 366 367 289 290 291 292 309 310 311
python rep_pam.py 1tno pdb1tno E 113 367 35 --Ca 113 148 183 216 251 327 288 --insert 356 357 358 359 360 361 362 363 364 365 366 367 309 310 311 289 290 291 292
python rep_pam.py 1tno pdb1tno G 113 367 35 --Ca 113 183 216 251 288 327 148 --insert 356 357 358 359 360 361 362 363 364 365 366 367 289 290 291 292 309 310 311
python rep_pam.py 1tno pdb1tno I 113 367 35 --Ca 113 148 183 216 288 327 251 --insert 356 357 358 359 360 361 362 363 364 365 366 367 289 290 291 292 309 310 311
python rep_pam.py 1tno pdb1tno K 113 367 35 --Ca 113 148 251 216 183 288 327 --insert 356 357 358 359 360 361 362 363 364 365 366 367 289 290 291 292 309 310 311
python rep_pam.py 1tnu pdb1tnu A 113 367 35 --Ca 113 148 183 288 251 327 216 --insert 356 357 358 359 360 361 362 363 364 365 366 367 289 290 291 292 309 310 311
python rep_pam.py 1tnu pdb1tnu C 113 367 35 --Ca 148 183 251 216 288 327 113 --insert 309 310 311 356 357 358 359 360 361 362 363 364 365 366 367 289 290 291 292
python rep_pam.py 1tnu pdb1tnu E 114 366 35 --Ca 114 148 217 251 183 288 330 --insert 288 289 290 291 309 310 311 346 347 348 349 350
python rep_pam.py 1tnu pdb1tnu G 114 366 35 --Ca 114 148 183 288 251 330 217 --insert 288 289 290 291 309 310 311 346 347 348 349 350
python rep_pam.py 1tnu pdb1tnu I 114 367 35 --Ca 114 148 183 217 251 288 330 --insert 288 289 290 291 349 350 351 352 309 310 311
python rep_pam.py 1tnu pdb1tnu K 113 367 35 --Ca 148 113 216 251 183 327 288 --insert 356 357 358 359 360 361 362 363 364 365 366 367 309 310 311 289 290 291 292
python rep_pam.py 1tny pdb1tny A 114 366 35 --Ca 114 148 183 217 251 288 330 --insert 309 310 311 288 289 290 291 346 347 348 349 350
python rep_pam.py 1tny pdb1tny C 113 367 35 --Ca 113 183 216 251 288 327 148 --insert 356 357 358 359 360 361 362 363 364 365 366 367 289 290 291 292 309 310 311
python rep_pam.py 1tny pdb1tny E 114 366 35 --Ca 114 148 183 217 251 288 330 --insert 309 310 311 346 347 348 349 350 288 289 290 291
python rep_pam.py 1tny pdb1tny G 113 367 35 --Ca 113 148 216 251 288 327 183 --insert 289 290 291 292 356 357 358 359 360 361 362 363 364 365 366 367 309 310 311
python rep_pam.py 1tny pdb1tny I 113 367 35 --Ca 148 183 216 251 327 288 113 --insert 309 310 311 356 357 358 359 360 361 362 363 364 365 366 367 289 290 291 292
python rep_pam.py 1tny pdb1tny K 113 367 35 --Ca 113 183 148 216 327 251 288 --insert 309 310 311 289 290 291 292 356 357 358 359 360 361 362 363 364 365 366 367
python rep_pam.py 1tnz pdb1tnz A 114 366 35 --Ca 183 114 251 288 217 330 148 --insert 288 289 290 291 346 347 348 349 350 309 310 311
python rep_pam.py 1tnz pdb1tnz C 114 367 35 --Ca 114 148 217 251 288 330 183 --insert 288 289 290 291
python rep_pam.py 1tnz pdb1tnz E 114 366 35 --Ca 114 148 183 217 251 288 330 --insert 288 289 290 291 309 310 311 346 347 348 349 350
python rep_pam.py 1tnz pdb1tnz G 113 367 35 --Ca 113 148 183 216 327 251 288 --insert 356 357 358 359 360 361 362 363 364 365 366 367 289 290 291 292 309 310 311
python rep_pam.py 1tnz pdb1tnz I 114 366 35 --Ca 114 251 183 148 330 288 217 --insert 
python rep_pam.py 1tnz pdb1tnz K 114 366 35 --Ca 114 148 251 183 217 288 330 --insert 
python rep_pam.py 1w3b pdb1w3b A 16 383 32 --Ca 44 16 78 180 214 146 112 248 316 282 350 --insert 
python rep_pam.py 1w3b pdb1w3b B 16 383 32 --Ca 16 146 44 214 180 112 248 282 316 78 350 --insert 
python rep_pam.py 1wy6 pdb1wy6 A 7 167 31 --Ca 7 75 40 108 141 --insert 
python rep_pam.py 1x81 pdb1x81 A 113 367 35 --Ca 113 183 148 216 251 288 327 --insert 309 310 311 356 357 358 359 360 361 362 363 364 365 366 367 289 290 291 292
python rep_pam.py 1xqr pdb1xqr B 85 350 43 --Ca 133 85 176 261 304 220 --insert 
python rep_pam.py 1xqs pdb1xqs A 87 350 43 --Ca 87 133 304 262 176 220 --insert 
python rep_pam.py 1xqs pdb1xqs B 87 350 43 --Ca 87 220 262 176 304 133 --insert 
python rep_pam.py 1y2a pdb1y2a C 89 481 42 --Ca 89 175 133 223 349 264 390 433 307 --insert 106 107 108 238 239 240 448 449 450 451 452
python rep_pam.py 2a4z pdb2a4z A 548 724 34 --Ca 548 585 653 689 615 --insert 
python rep_pam.py 2axu pdb2axu I 2 288 35 --Ca 2 41 74 146 108 253 189 --insert 179 180 181 182 183 184 185 186 187 188 228 229 230 231 232 233 234 235 236 237 238 239 240 241 242 243 244 245 246 247 248 249 250 251 252
python rep_pam.py 2axu pdb2axu K 4 288 34 --Ca 4 73 37 107 146 253 189 --insert 179 180 181 182 183 184 185 186 187 188 228 229 230 231 232 233 234 235 236 237 238 239 240 241 242 243 244 245 246 247 248 249 250 251 252
python rep_pam.py 2bed pdb2bed A 114 366 35 --Ca 114 148 183 330 217 288 251 --insert 288 289 290 291 309 310 311 346 347 348 349 350
python rep_pam.py 2c1m pdb2c1m A 89 481 42 --Ca 89 176 133 223 349 307 433 390 264 --insert 238 239 240
python rep_pam.py 2dvw pdb2dvw A 9 229 30 --Ca 9 106 73 139 172 205 40 --insert 19 20 21 227 228 229
python rep_pam.py 2dwz pdb2dwz A 9 229 30 --Ca 9 40 73 106 139 205 172 --insert 29 30 31 32 33
python rep_pam.py 2dwz pdb2dwz C 9 229 30 --Ca 9 139 172 106 40 205 73 --insert 29 30 31 32 33 34
python rep_pam.py 2f0y pdb2f0y A 114 366 35 --Ca 148 183 114 251 288 217 330 --insert 309 310 311 346 347 348 349 350
python rep_pam.py 2fi7 pdb2fi7 A 33 238 33 --Ca 70 33 104 137 174 208 --insert 
python rep_pam.py 2fi7 pdb2fi7 B 33 238 33 --Ca 33 70 104 137 208 174 --insert 
python rep_pam.py 2h6f pdb2h6f A 114 366 35 --Ca 148 217 183 114 251 288 330 --insert 309 310 311 346 347 348 349 350
python rep_pam.py 2h6g pdb2h6g A 114 366 35 --Ca 114 148 183 217 288 251 330 --insert 309 310 311 346 347 348 349 350
python rep_pam.py 2h6h pdb2h6h A 114 366 35 --Ca 114 148 183 330 288 217 251 --insert 309 310 311 346 347 348 349 350
python rep_pam.py 2h6i pdb2h6i A 114 366 35 --Ca 114 148 251 288 217 330 183 --insert 306 307 308 346 347 348 349 350
python rep_pam.py 2ho1 pdb2ho1 A 33 238 33 --Ca 70 33 104 174 208 137 --insert 
python rep_pam.py 2ho1 pdb2ho1 B 1034 1238 33 --Ca 1034 1104 1137 1071 1174 1208 --insert 
python rep_pam.py 2iae pdb2iae A 46 585 37 --Ca 46 83 119 236 159 274 314 356 395 434 473 551 512 196 --insert 57 58 59 60 61 291 292 293 294
python rep_pam.py 2iae pdb2iae D 46 585 37 --Ca 46 83 119 196 235 313 274 356 434 395 473 512 551 159 --insert 57 58 59 60 61 291 292 293 294
python rep_pam.py 2ie3 pdb2ie3 A 46 585 37 --Ca 46 83 120 198 236 160 274 314 357 435 397 513 553 474 --insert 151 152 153 154 57 58 59 60 61 62 232 233 234
python rep_pam.py 2ie4 pdb2ie4 A 44 585 37 --Ca 44 83 159 119 196 274 235 313 356 395 434 473 551 512 --insert 57 58 59 60 61 291 292 293 294
python rep_pam.py 2iej pdb2iej A 114 366 35 --Ca 183 251 114 288 217 330 148 --insert 306 307 308 346 347 348 349 350
python rep_pam.py 2npp pdb2npp A 46 585 37 --Ca 46 119 83 196 159 274 313 235 356 434 395 473 512 551 --insert 291 292 293 294 57 58 59 60 61
python rep_pam.py 2npp pdb2npp D 46 585 37 --Ca 83 46 119 159 196 235 356 395 313 473 434 512 551 274 --insert 57 58 59 60 61 291 292 293 294
python rep_pam.py 2nyl pdb2nyl A 46 585 37 --Ca 46 83 120 160 198 314 357 236 397 435 474 513 553 274 --insert 58 59 60 61 62
python rep_pam.py 2nyl pdb2nyl D 46 585 37 --Ca 46 198 83 236 120 275 160 314 397 357 513 474 553 435 --insert 290 291 292 293 294 58 59 60 61 62
python rep_pam.py 2nym pdb2nym A 46 585 37 --Ca 46 160 198 236 83 275 314 435 397 513 474 357 553 120 --insert 58 59 60 61 62 290 291 292 293 294
python rep_pam.py 2nym pdb2nym D 46 585 37 --Ca 46 83 120 198 160 357 314 236 397 435 474 513 553 275 --insert 290 291 292 293 294 58 59 60 61 62
python rep_pam.py 2pf4 pdb2pf4 A 46 585 37 --Ca 159 119 83 196 235 274 313 356 46 473 434 512 551 395 --insert 57 58 59 60 61 291 292 293 294
python rep_pam.py 2pf4 pdb2pf4 B 46 585 37 --Ca 46 83 119 159 196 313 274 356 434 395 473 512 551 235 --insert 291 292 293 294 57 58 59 60 61
python rep_pam.py 2pf4 pdb2pf4 C 46 585 37 --Ca 46 83 159 196 119 235 274 313 356 473 434 395 512 551 --insert 57 58 59 60 61 291 292 293 294
python rep_pam.py 2pf4 pdb2pf4 D 46 585 37 --Ca 46 83 119 159 196 313 356 274 395 434 473 512 551 235 --insert 291 292 293 294 57 58 59 60 61
python rep_pam.py 2pkg pdb2pkg A 10 585 37 --Ca 10 83 120 159 274 236 196 44 313 395 434 512 474 552 356 --insert 57 58 59 60 61 85 86 87 88
python rep_pam.py 2pkg pdb2pkg B 10 585 37 --Ca 10 43 120 159 196 236 274 313 83 395 356 434 474 552 512 --insert 57 58 59 60 61 85 86 87 88 217 218 219 220
python rep_pam.py 2q7f pdb2q7f A 57 224 32 --Ca 57 91 125 159 193 --insert 
python rep_pam.py 2q7f pdb2q7f B 57 224 32 --Ca 57 91 159 125 193 --insert 
python rep_pam.py 2r2l pdb2r2l A 114 366 35 --Ca 114 183 148 215 251 288 330 --insert 288 289 290 291
python rep_pam.py 2vq2 pdb2vq2 A 34 242 33 --Ca 69 34 103 139 206 174 --insert 103 104 105 106 107
python rep_pam.py 2wtk pdb2wtk D 10 330 38 --Ca 10 68 116 154 195 241 292 --insert 106 107 108 109 110 111 112 113 114 115 281 282 283 284 285 286 287 288 289 290 291 47 48 49 50 51 52 53 54 55 56 57 58 59 60 61 62 63 64 65 66 67
python rep_pam.py 2ynr pdb2ynr A 89 480 42 --Ca 89 175 223 264 349 307 433 390 133 --insert 109 110 111 476 477 478 212 213 214 215 216 238 239 240
python rep_pam.py 2zis pdb2zis A 114 366 35 --Ca 114 148 217 251 288 330 183 --insert 288 289 290 291 309 310 311 346 347 348 349 350
python rep_pam.py 3aji pdb3aji A 9 229 30 --Ca 9 40 73 106 172 205 139 --insert 29 30 31 32 33 34
python rep_pam.py 3aji pdb3aji C 9 229 30 --Ca 9 73 106 40 139 172 205 --insert 29 30 31 32 33 34
python rep_pam.py 3as4 pdb3as4 A 43 212 33 --Ca 43 75 113 181 147 --insert 
python rep_pam.py 3as5 pdb3as5 A 43 213 33 --Ca 43 76 113 147 181 --insert 
python rep_pam.py 3as5 pdb3as5 B 47 213 32 --Ca 47 76 113 147 181 --insert 
python rep_pam.py 3asf pdb3asf A 44 214 33 --Ca 44 78 114 145 179 --insert 
python rep_pam.py 3asf pdb3asf B 44 212 32 --Ca 44 80 179 111 147 --insert 
python rep_pam.py 3asg pdb3asg A 43 212 33 --Ca 43 113 76 147 181 --insert 
python rep_pam.py 3asg pdb3asg B 47 212 32 --Ca 47 80 113 181 147 --insert 75 76 77
python rep_pam.py 3ash pdb3ash A 43 212 33 --Ca 43 79 113 181 147 --insert 
python rep_pam.py 3ash pdb3ash B 43 212 33 --Ca 43 79 113 147 181 --insert 75 76 77
python rep_pam.py 3b7b pdb3b7b A 742 966 31 --Ca 775 842 806 742 875 908 941 --insert 829 830 831
python rep_pam.py 3b7b pdb3b7b B 744 966 30 --Ca 744 806 842 908 875 941 775 --insert 834 835 836
python rep_pam.py 3b95 pdb3b95 A 742 966 31 --Ca 742 775 806 842 908 941 875 --insert 834 835 836
python rep_pam.py 3b95 pdb3b95 B 743 966 31 --Ca 743 842 806 875 908 941 775 --insert 834 835 836
python rep_pam.py 3btr pdb3btr C 89 481 42 --Ca 89 133 176 223 349 390 433 264 307 --insert 452 453 454 455 109 110 111 237 238 239 240 214 215 216
python rep_pam.py 3bx2 pdb3bx2 B 574 868 35 --Ca 610 574 646 683 719 755 795 834 --insert 
python rep_pam.py 3bx3 pdb3bx3 B 590 885 36 --Ca 626 590 662 699 735 771 808 850 --insert 824 825 826
python rep_pam.py 3dpy pdb3dpy A 114 366 35 --Ca 114 148 251 217 288 183 330 --insert 288 289 290 291 346 347 348 349 350 309 310 311
python rep_pam.py 3dw8 pdb3dw8 A 46 585 37 --Ca 46 119 159 83 235 196 274 313 356 395 473 434 512 551 --insert 291 292 293 294 57 58 59 60 61
python rep_pam.py 3dw8 pdb3dw8 D 46 585 37 --Ca 46 83 119 159 235 274 313 395 356 434 196 551 512 473 --insert 291 292 293 294 57 58 59 60 61
python rep_pam.py 3e30 pdb3e30 A 114 366 35 --Ca 114 148 183 215 251 288 330 --insert 309 310 311 346 347 348 349 350 288 289 290 291
python rep_pam.py 3e32 pdb3e32 A 114 366 35 --Ca 183 217 148 251 288 330 114 --insert 288 289 290 291 346 347 348 349 350 309 310 311
python rep_pam.py 3e33 pdb3e33 A 113 366 35 --Ca 113 148 183 251 217 288 330 --insert 346 347 348 349 350 288 289 290 291 309 310 311
python rep_pam.py 3e34 pdb3e34 A 113 366 35 --Ca 148 113 217 251 183 330 288 --insert 288 289 290 291 309 310 311 346 347 348 349 350
python rep_pam.py 3e37 pdb3e37 A 114 366 35 --Ca 114 148 217 183 288 251 330 --insert 309 310 311 346 347 348 349 350
python rep_pam.py 3e4b pdb3e4b A 71 388 34 --Ca 71 105 140 214 247 282 318 174 353 --insert 
python rep_pam.py 3e4b pdb3e4b B 68 387 34 --Ca 68 140 105 174 213 247 318 282 353 --insert 
python rep_pam.py 3e4b pdb3e4b D 141 389 34 --Ca 141 175 213 247 283 354 317 --insert 
python rep_pam.py 3euv pdb3euv A 114 366 35 --Ca 148 183 251 217 288 330 114 --insert 309 310 311 288 289 290 291 346 347 348 349 350
python rep_pam.py 3f6q pdb3f6q A 2 164 31 --Ca 32 65 98 131 2 --insert 
python rep_pam.py 3fex pdb3fex C 90 480 42 --Ca 90 223 176 133 264 349 306 391 433 --insert 106 107 108
python rep_pam.py 3fey pdb3fey C 90 480 42 --Ca 133 176 264 223 306 90 349 433 391 --insert 
python rep_pam.py 3fga pdb3fga A 46 585 37 --Ca 83 159 119 196 235 274 46 434 313 395 473 512 356 551 --insert 57 58 59 60 61 291 292 293 294
python rep_pam.py 3gw4 pdb3gw4 B 5 199 38 --Ca 43 5 124 83 164 --insert 
python rep_pam.py 3h3d pdb3h3d X 18 301 34 --Ca 18 47 83 119 191 227 263 154 --insert 274 275 276 277
python rep_pam.py 3hym pdb3hym F 230 510 34 --Ca 265 296 230 369 407 334 446 479 --insert 
python rep_pam.py 3hym pdb3hym H 230 510 34 --Ca 296 230 369 334 407 446 479 265 --insert 
python rep_pam.py 3ixe pdb3ixe A 2 165 31 --Ca 2 100 131 34 67 --insert 22 23 24 141 142 143
python rep_pam.py 3k7v pdb3k7v A 46 585 37 --Ca 46 83 119 159 196 235 313 274 356 395 434 473 512 551 --insert 57 58 59 60 61 291 292 293 294
python rep_pam.py 3k7w pdb3k7w A 46 585 37 --Ca 46 83 119 196 159 235 313 356 395 434 473 512 274 551 --insert 291 292 293 294 57 58 59 60 61
python rep_pam.py 3knd pdb3knd A 90 480 42 --Ca 90 133 177 307 264 391 350 434 223 --insert 429 430 431 110 111 112 477 478 479 480 481 243 244 245
python rep_pam.py 3ksl pdb3ksl A 113 366 35 --Ca 113 183 148 217 251 288 330 --insert 288 289 290 291 309 310 311 346 347 348 349 350
python rep_pam.py 3ksq pdb3ksq A 113 366 35 --Ca 183 113 148 215 251 330 288 --insert 309 310 311 346 347 348 349 350 288 289 290 291
python rep_pam.py 3l3q pdb3l3q A 89 477 42 --Ca 133 89 175 223 264 307 349 433 390 --insert 453 454 455 238 239 240 214 215 216
python rep_pam.py 3ltj pdb3ltj A 14 201 30 --Ca 47 78 109 142 171 14 --insert 
python rep_pam.py 3ltm pdb3ltm A 16 200 29 --Ca 16 47 78 140 109 171 --insert 
python rep_pam.py 3ltm pdb3ltm B 20 201 29 --Ca 20 47 78 142 109 171 --insert 
python rep_pam.py 3m66 pdb3m66 A 164 405 33 --Ca 201 236 164 270 308 342 375 --insert 
python rep_pam.py 3mkq pdb3mkq B 649 783 26 --Ca 674 704 733 759 649 --insert 
python rep_pam.py 3mkq pdb3mkq F 648 783 26 --Ca 648 732 758 674 703 --insert 745 746 747 748 749 750 751 752 753 754 755 756 757
python rep_pam.py 3ml8 pdb3ml8 A 549 725 34 --Ca 549 585 622 653 689 --insert 
python rep_pam.py 3oqs pdb3oqs A 89 481 42 --Ca 223 175 89 264 133 307 390 433 349 --insert 106 107 108 238 239 240 448 449 450 451 452
python rep_pam.py 3pz4 pdb3pz4 A 114 366 35 --Ca 114 183 217 251 148 330 288 --insert 288 289 290 291 309 310 311 346 347 348 349 350
python rep_pam.py 3q15 pdb3q15 A 5 372 39 --Ca 45 5 91 135 216 176 255 330 291 --insert 78 79 80 81 82 83 84 85 86 87 88 89 90
python rep_pam.py 3q5m pdb3q5m A 9 220 34 --Ca 43 80 9 120 186 151 --insert 
python rep_pam.py 3q5u pdb3q5u A 89 481 42 --Ca 89 133 175 223 264 307 349 390 433 --insert 106 107 108 238 239 240 448 449 450 451 452
python rep_pam.py 3rz9 pdb3rz9 A 89 481 42 --Ca 175 133 223 264 307 390 349 89 433 --insert 105 106 107 448 449 450 451 452 243 244 245
python rep_pam.py 3rzx pdb3rzx A 89 480 42 --Ca 133 89 175 223 264 307 349 390 433 --insert 105 106 107 108 109 110 111 453 454 455 237 238 239 240 241 242 243 244 245
python rep_pam.py 3so8 pdb3so8 A 10 166 30 --Ca 10 74 44 107 140 --insert 164 165 166
python rep_pam.py 3tgo pdb3tgo A 33 241 31 --Ca 114 142 175 209 33 66 --insert 100 101 102 103 104 105 106 107 108 109 110 111 112 113
python rep_pam.py 3tpm pdb3tpm A 89 480 42 --Ca 89 133 175 223 264 390 349 307 433 --insert 106 107 108 448 449 450 451 452 238 239 240
python rep_pam.py 3tpo pdb3tpo A 89 480 41 --Ca 89 175 133 223 264 307 349 433 390 --insert 106 107 108 448 449 450 451 452 238 239 240
python rep_pam.py 3ugm pdb3ugm A 196 1034 32 --Ca 217 196 254 287 323 425 459 357 493 527 560 594 391 696 628 730 764 833 798 866 934 1002 968 662 900 --insert 
python rep_pam.py 3ukw pdb3ukw B 90 481 42 --Ca 175 90 133 264 307 223 434 349 390 --insert 105 106 107 108 109 110 111 476 477 478 238 239 240
python rep_pam.py 3ukx pdb3ukx B 89 481 42 --Ca 89 133 223 307 349 175 433 390 264 --insert 448 449 450 451 452 106 107 108 238 239 240
python rep_pam.py 3uky pdb3uky B 89 480 42 --Ca 89 133 176 349 306 264 390 433 223 --insert 217 218 219 220
python rep_pam.py 3ukz pdb3ukz B 89 481 42 --Ca 89 133 175 223 264 433 390 307 349 --insert 106 107 108 448 449 450 451 452 238 239 240
python rep_pam.py 3ul0 pdb3ul0 B 90 477 42 --Ca 133 175 90 223 264 349 390 307 433 --insert 453 454 455 238 239 240 105 106 107 108
python rep_pam.py 3ul1 pdb3ul1 B 89 481 42 --Ca 89 133 175 307 349 390 433 223 264 --insert 106 107 108 448 449 450 451 452 238 239 240
python rep_pam.py 3uq3 pdb3uq3 A 259 498 34 --Ca 295 328 259 393 463 429 --insert 328 329 330
python rep_pam.py 3uvu pdb3uvu A 89 482 42 --Ca 175 133 223 264 307 349 390 433 89 --insert 106 107 108 448 449 450 451 452 238 239 240
python rep_pam.py 3uxg pdb3uxg A 92 248 30 --Ca 92 157 190 223 124 --insert 246 247 248 115 116 117 118
python rep_pam.py 3v30 pdb3v30 A 92 249 30 --Ca 157 190 124 223 92 --insert 115 116 117 118 247 248 249
python rep_pam.py 3v31 pdb3v31 A 150 307 30 --Ca 150 248 281 182 215 --insert 
python rep_pam.py 3ve6 pdb3ve6 A 19 411 42 --Ca 19 63 153 105 194 363 237 320 279 --insert 39 40 41 377 378 379 380 381 151 152
python rep_pam.py 3vtx pdb3vtx B 40 217 34 --Ca 40 75 109 143 177 --insert 210 211 212 213 214 215 216 217
python rep_pam.py 3vty pdb3vty A 42 216 34 --Ca 42 75 143 109 177 --insert 
python rep_pam.py 3vty pdb3vty B 42 215 33 --Ca 42 75 109 143 177 --insert 
python rep_pam.py 3vty pdb3vty C 42 217 34 --Ca 42 143 75 177 109 --insert 210 211 212 213 214 215 216 217
python rep_pam.py 3wpt pdb3wpt A 90 480 42 --Ca 133 176 264 223 306 349 433 391 90 --insert 428 429 430 453 454 455 238 239 240
python rep_pam.py 3wpt pdb3wpt B 90 480 42 --Ca 90 133 176 307 264 223 349 390 433 --insert 238 239 240 453 454 455
python rep_pam.py 3zhp pdb3zhp A 15 333 44 --Ca 15 65 107 152 241 195 285 --insert 52 53 54 55 56 57 58 59 60 61 62 63 64 65
python rep_pam.py 3zin pdb3zin A 89 481 42 --Ca 89 133 175 223 264 307 349 390 433 --insert 106 107 108 448 449 450 451 452 238 239 240
python rep_pam.py 3zio pdb3zio A 89 481 42 --Ca 89 133 175 264 223 307 433 390 349 --insert 106 107 108 448 449 450 451 452 238 239 240
python rep_pam.py 3zip pdb3zip A 89 481 42 --Ca 89 133 175 223 264 349 433 390 307 --insert 106 107 108 238 239 240 448 449 450 451 452
python rep_pam.py 3ziq pdb3ziq A 89 481 42 --Ca 89 133 223 307 264 349 390 433 175 --insert 106 107 108 448 449 450 451 452 238 239 240
python rep_pam.py 3zir pdb3zir A 89 481 42 --Ca 133 175 89 264 307 223 390 433 349 --insert 106 107 108 448 449 450 451 452 238 239 240
python rep_pam.py 3zkj pdb3zkj A 37 231 31 --Ca 37 69 102 135 168 200 --insert 
python rep_pam.py 3zkj pdb3zkj D 37 231 31 --Ca 37 69 102 168 135 200 --insert 
python rep_pam.py 3zng pdb3zng A 37 231 31 --Ca 102 69 37 135 168 200 --insert 
python rep_pam.py 3zng pdb3zng D 37 231 31 --Ca 102 135 168 200 37 69 --insert 
python rep_pam.py 4a3t pdb4a3t A 8 464 37 --Ca 8 51 90 128 284 231 350 167 382 425 --insert 271 272 273 274 275 276 277 278 279 280 281 282 283 207 208 209 210 211 212 213 214 215 216 217 218 219 220 221 222 223 224 225 226 227 228 229 230 322 323 324 325 326 327 328 329 330 331 332 333 334 335 336 337 338 339 340 341 342 343 344 345 346 347 348 349
python rep_pam.py 4ba3 pdb4ba3 A 89 481 42 --Ca 89 133 175 223 307 349 390 264 433 --insert 340 341 342 343 105 106 107 108 448 449 450 451 452 238 239 240
python rep_pam.py 4cj9 pdb4cj9 A 30 753 31 --Ca 61 30 94 127 160 193 226 259 292 325 391 358 457 424 556 589 523 622 655 688 721 490 --insert 
python rep_pam.py 4cj9 pdb4cj9 B 29 751 31 --Ca 29 60 93 225 126 192 258 291 324 357 390 159 489 423 522 555 588 621 654 456 687 721 --insert 
python rep_pam.py 4ct4 pdb4ct4 C 1087 1285 31 --Ca 1087 1133 1168 1205 1254 --insert 1119 1120 1121 1122 1123 1124 1125 1126 1127 1128 1129 1130 1131 1132 1239 1240 1241 1242 1243 1244 1245 1246 1247 1248 1249 1250 1251 1252 1253 1195 1196 1197 1198 1199 1200 1201 1202 1203 1204
python rep_pam.py 4db8 pdb4db8 D 7 249 39 --Ca 7 84 42 126 210 168 --insert 
python rep_pam.py 4db9 pdb4db9 A 5 207 39 --Ca 5 42 84 126 168 --insert 
python rep_pam.py 4db9 pdb4db9 B 5 207 39 --Ca 5 168 84 126 42 --insert 
python rep_pam.py 4db9 pdb4db9 C 5 207 39 --Ca 5 42 84 168 126 --insert 
python rep_pam.py 4db9 pdb4db9 D 5 207 39 --Ca 5 42 84 126 168 --insert 
python rep_pam.py 4db9 pdb4db9 E 5 207 39 --Ca 5 42 84 126 168 --insert 
python rep_pam.py 4dzs pdb4dzs B 591 885 35 --Ca 591 626 662 699 735 771 808 850 --insert 834 835 836 864 865 866
python rep_pam.py 4fsc pdb4fsc C 3 270 38 --Ca 3 71 109 149 190 231 --insert 41 42 43 44 45 46 47 48 49 50 51 52 53 54 55 56 57 58 59 60 61 62 63 64 65 66 67 68 69 70
python rep_pam.py 4fzd pdb4fzd A 11 332 40 --Ca 72 11 116 245 200 297 157 --insert 52 53 54 55 56 57 58 59 60 61 62 63 64 65 66 67 68 69 70 71 285 286 287 288 289 290 291 292 293 294 295 296
python rep_pam.py 4g8l pdb4g8l A 27 301 31 --Ca 27 59 91 124 202 238 272 168 --insert 156 157 158 159 160 161 162 163 164 165
python rep_pam.py 4gg4 pdb4gg4 A 234 710 33 --Ca 335 268 301 369 471 437 403 505 607 234 641 539 675 573 --insert 693 694 695 696 284 285 286 250 251 252
python rep_pam.py 4gjp pdb4gjp A 250 725 33 --Ca 320 250 356 423 390 458 286 492 560 628 593 698 663 521 --insert 
python rep_pam.py 4gjp pdb4gjp B 250 721 32 --Ca 250 286 320 354 422 456 388 490 558 524 592 626 697 660 --insert 
python rep_pam.py 4gjr pdb4gjr B 255 697 33 --Ca 288 255 322 356 390 425 458 526 594 560 628 662 492 --insert 
python rep_pam.py 4gtp pdb4gtp A 113 366 35 --Ca 148 113 183 215 330 288 251 --insert 309 310 311 346 347 348 349 350
python rep_pam.py 4gtq pdb4gtq A 114 366 35 --Ca 114 148 183 215 251 330 288 --insert 346 347 348 349 350 309 310 311
python rep_pam.py 4gyo pdb4gyo A 6 367 38 --Ca 6 133 174 215 293 254 329 47 93 --insert 
python rep_pam.py 4hi8 pdb4hi8 A 3 162 30 --Ca 3 130 97 32 64 --insert 
python rep_pam.py 4hi9 pdb4hi9 A 3 162 31 --Ca 3 32 64 130 97 --insert 
python rep_pam.py 4hmy pdb4hmy B 28 515 36 --Ca 28 64 135 215 254 174 296 332 367 441 404 477 100 --insert 99 100 101 189 190 191 228 229 230
python rep_pam.py 4hpz pdb4hpz A 168 573 32 --Ca 232 168 266 301 335 369 403 198 505 539 437 471 --insert 253 254 255 256 196 197 198 284 285 286 217 218 219 220
python rep_pam.py 4htv pdb4htv A 89 481 42 --Ca 89 133 223 264 307 390 433 349 175 --insert 238 239 240 106 107 108 448 449 450 451 452
python rep_pam.py 4i1a pdb4i1a A 101 374 38 --Ca 101 259 178 298 333 139 220 --insert 
python rep_pam.py 4i5l pdb4i5l A 46 585 37 --Ca 83 119 159 196 235 274 46 395 434 473 512 551 313 356 --insert 57 58 59 60 61 291 292 293 294
python rep_pam.py 4i5l pdb4i5l D 46 585 37 --Ca 46 83 119 235 274 159 313 356 395 434 512 473 551 196 --insert 57 58 59 60 61 291 292 293 294
python rep_pam.py 4i5n pdb4i5n A 10 585 37 --Ca 43 83 10 120 159 196 236 275 396 314 435 474 513 552 357 --insert 57 58 59 60 61 85 86 87 88
python rep_pam.py 4i5n pdb4i5n D 10 585 37 --Ca 10 83 43 120 159 196 236 314 356 396 434 474 274 552 512 --insert 85 86 87 88 217 218 219 220 434 435 436 437 57 58 59 60 61
python rep_pam.py 4i9e pdb4i9e B 7 368 37 --Ca 96 55 135 176 216 296 257 7 332 --insert 43 44 45 46 47 48 49 50 51 52 53 54
python rep_pam.py 4jhr pdb4jhr A 111 640 38 --Ca 111 191 230 270 310 598 --insert 598 599 600 601 602 603 604 605 606 607 608 609 610 611 612 613 614 615 616 617 618 619 620 621 349 350 351 352 353 354 355 356 357 358 359 360 361 362 363 364 365 366 367 368 369 370 371 372 373 374 375 376 377 378 379 380 381 382 383 384 385 386 387 388 389 390 391 392 393 394 395 396 397 398 399 400 401 402 403 404 405 406 407 408 409 410 411 412 413 414 415 416 417 418 419 420 421 422 423 424 425 426 427 428 429 430 431 432 433 434 435 436 437 438 439 440 441 442 443 444 445 446 447 448 449 450 451 452 453 454 455 456 457 458 459 460 461 462 463 464 465 466 467 468 469 470 471 472 473 474 475 476 477 478 479 480 481 482 483 484 485 486 487 488 489 490 491 492 493 494 495 496 497 498 499 500 501 502 503 504 505 506 507 508 509 510 511 512 513 514 515 516 517 518 519 520 521 522 523 524 525 526 527 528 529 530 531 532 533 534 535 536 537 538 539 540 541 542 543 544 545 546 547 548 549 550 551 552 553 554 555 556 557 558 559 560 561 562 563 564 565 566 567 568 569 570 571 572 573 574 575 576 577 578 579 580 581 582 583 584 585 586 587 588 589 590 591 592 593 594 595 596 597 149 150 151 152 153 154 155 156 157 158 159 160 161 162 163 164 165 166 167 168 169 170 171 172 173 174 175 176 177 178 179 180 181 182 183 184 185 186 187 188 189 190
python rep_pam.py 4jhr pdb4jhr B 111 640 38 --Ca 191 111 230 270 310 598 --insert 349 350 351 352 353 354 355 356 357 358 359 360 361 362 363 364 365 366 367 368 369 370 371 372 373 374 375 376 377 378 379 380 381 382 383 384 385 386 387 388 389 390 391 392 393 394 395 396 397 398 399 400 401 402 403 404 405 406 407 408 409 410 411 412 413 414 415 416 417 418 419 420 421 422 423 424 425 426 427 428 429 430 431 432 433 434 435 436 437 438 439 440 441 442 443 444 445 446 447 448 449 450 451 452 453 454 455 456 457 458 459 460 461 462 463 464 465 466 467 468 469 470 471 472 473 474 475 476 477 478 479 480 481 482 483 484 485 486 487 488 489 490 491 492 493 494 495 496 497 498 499 500 501 502 503 504 505 506 507 508 509 510 511 512 513 514 515 516 517 518 519 520 521 522 523 524 525 526 527 528 529 530 531 532 533 534 535 536 537 538 539 540 541 542 543 544 545 546 547 548 549 550 551 552 553 554 555 556 557 558 559 560 561 562 563 564 565 566 567 568 569 570 571 572 573 574 575 576 577 578 579 580 581 582 583 584 585 586 587 588 589 590 591 592 593 594 595 596 597 149 150 151 152 153 154 155 156 157 158 159 160 161 162 163 164 165 166 167 168 169 170 171 172 173 174 175 176 177 178 179 180 181 182 183 184 185 186 187 188 189 190 598 599 600 601 602 603 604 605 606 607 608 609 610 611 612 613 614 615 616 617 618 619 620 621
python rep_pam.py 4jw2 pdb4jw2 B 11 195 29 --Ca 11 41 72 165 134 103 --insert 
python rep_pam.py 4lac pdb4lac A 360 587 37 --Ca 360 474 396 438 512 552 --insert 
python rep_pam.py 4mz5 pdb4mz5 E 89 480 42 --Ca 89 132 175 222 263 306 348 434 391 --insert 
python rep_pam.py 4mz6 pdb4mz6 E 89 480 42 --Ca 132 175 222 348 306 263 89 391 434 --insert 
python rep_pam.py 4oih pdb4oih A 89 480 42 --Ca 89 132 222 175 306 263 348 391 434 --insert 
python rep_pam.py 4oo6 pdb4oo6 A 8 887 40 --Ca 62 8 103 140 187 227 269 374 408 451 493 534 578 638 680 721 763 804 845 --insert 47 48 49 50 51 52 53 54 55 56 57 58 59 60 61 311 312 313 314 315 316 317 318 319 320 321 322 323 324 325 326 327 328 329 330 331 332 333 334 335 336 337 338 339 340 341 342 343 344 345 346 347 348 349 350 351 352 353 354 355 356 357 358 359 360 361 362 363 364 365 366 367 368 369 370 371 372 373 622 623 624 625 626 627 628 629 630 631 632 633 634 635 636 637
python rep_pam.py 4osh pdb4osh A 255 696 33 --Ca 255 288 390 356 322 424 492 526 458 560 628 662 594 --insert 
python rep_pam.py 4osh pdb4osh B 253 695 33 --Ca 286 320 253 422 354 456 388 524 490 558 592 626 660 --insert 
python rep_pam.py 4osi pdb4osi A 250 695 33 --Ca 250 286 424 390 322 457 492 525 560 592 355 626 662 --insert 
python rep_pam.py 4osi pdb4osi B 248 697 33 --Ca 248 286 322 355 424 457 493 525 560 593 662 628 390 --insert 
python rep_pam.py 4osj pdb4osj A 255 697 33 --Ca 255 288 322 390 424 356 458 492 526 560 628 594 662 --insert 
python rep_pam.py 4osj pdb4osj B 251 695 33 --Ca 251 286 320 354 422 456 524 490 558 592 388 626 660 --insert 
python rep_pam.py 4osk pdb4osk A 250 721 32 --Ca 250 286 354 388 422 456 320 490 524 558 592 626 660 694 --insert 
python rep_pam.py 4osk pdb4osk B 255 697 32 --Ca 255 322 288 356 390 458 424 492 526 560 594 628 662 --insert 
python rep_pam.py 4osl pdb4osl A 253 721 32 --Ca 320 253 422 354 286 490 388 558 592 456 626 660 696 521 --insert 
python rep_pam.py 4osl pdb4osl B 253 697 33 --Ca 253 320 354 286 422 388 456 490 524 660 626 558 592 --insert 
python rep_pam.py 4osm pdb4osm A 250 696 33 --Ca 286 250 320 356 389 457 424 492 521 560 593 628 662 --insert 
python rep_pam.py 4osm pdb4osm B 248 696 33 --Ca 322 248 355 286 390 423 458 491 526 559 627 594 662 --insert 
python rep_pam.py 4osq pdb4osq A 255 696 33 --Ca 288 255 322 356 424 390 492 526 560 594 458 628 662 --insert 
python rep_pam.py 4osq pdb4osq B 253 697 33 --Ca 253 286 320 354 388 456 490 524 592 558 626 660 424 --insert 
python rep_pam.py 4osr pdb4osr A 250 696 33 --Ca 250 286 320 356 492 458 390 521 560 593 628 662 423 --insert 
python rep_pam.py 4osr pdb4osr B 255 697 33 --Ca 255 390 356 288 322 458 492 425 526 594 662 628 560 --insert 
python rep_pam.py 4oss pdb4oss A 250 696 33 --Ca 355 286 390 423 492 458 521 560 593 628 250 662 322 --insert 
python rep_pam.py 4oss pdb4oss B 255 697 33 --Ca 288 255 322 356 390 425 458 594 492 560 526 628 662 --insert 
python rep_pam.py 4ost pdb4ost A 251 696 33 --Ca 251 286 355 390 322 492 521 458 560 593 423 628 662 --insert 
python rep_pam.py 4ost pdb4ost B 255 697 33 --Ca 288 322 356 390 425 458 255 594 560 492 628 662 526 --insert 
python rep_pam.py 4osv pdb4osv A 251 696 33 --Ca 251 286 322 390 355 423 458 560 521 593 628 662 492 --insert 
python rep_pam.py 4osv pdb4osv B 253 697 33 --Ca 253 355 390 287 423 491 458 526 322 627 594 662 559 --insert 
python rep_pam.py 4osw pdb4osw A 253 695 33 --Ca 253 286 354 320 422 456 525 490 388 558 592 626 660 --insert 
python rep_pam.py 4osw pdb4osw B 255 697 33 --Ca 255 288 322 458 424 390 492 560 526 628 356 594 662 --insert 
python rep_pam.py 4osz pdb4osz A 251 695 33 --Ca 286 251 320 354 422 388 490 524 626 592 558 660 456 --insert 
python rep_pam.py 4osz pdb4osz B 255 697 33 --Ca 255 288 322 356 492 526 560 594 628 424 662 390 458 --insert 
python rep_pam.py 4ot0 pdb4ot0 A 255 721 32 --Ca 255 288 356 322 492 424 390 458 526 594 560 628 662 697 --insert 
python rep_pam.py 4ot0 pdb4ot0 B 255 697 33 --Ca 255 356 390 288 458 322 425 526 560 492 594 662 628 --insert 
python rep_pam.py 4ot3 pdb4ot3 A 251 696 33 --Ca 286 322 251 355 390 458 492 521 423 560 662 593 628 --insert 
python rep_pam.py 4ot3 pdb4ot3 B 248 723 32 --Ca 248 286 320 354 388 456 487 424 524 592 558 696 660 626 --insert 
python rep_pam.py 4oto pdb4oto A 255 697 33 --Ca 255 390 288 356 424 458 492 526 560 322 662 628 594 --insert 
python rep_pam.py 4oto pdb4oto B 255 697 33 --Ca 255 288 390 356 322 424 458 492 526 594 560 628 662 --insert 
python rep_pam.py 4rv1 pdb4rv1 A 16 392 40 --Ca 16 57 100 142 268 225 309 352 184 --insert 388 389 390 304 305 306
python rep_pam.py 4rv1 pdb4rv1 B 18 392 40 --Ca 18 99 225 141 184 268 309 351 60 --insert 346 347 348 94 95 96
python rep_pam.py 4rv1 pdb4rv1 C 15 392 41 --Ca 15 58 184 142 225 268 351 309 100 --insert 346 347 348 136 137 138 262 263 264 304 305 306
python rep_pam.py 4rv1 pdb4rv1 D 16 392 40 --Ca 58 100 141 184 225 268 351 309 16 --insert 388 389 390
python rep_pam.py 4rv1 pdb4rv1 E 16 392 40 --Ca 16 58 99 184 141 225 351 311 268 --insert 304 305 306 136 137 138
python rep_pam.py 4rv1 pdb4rv1 F 15 393 41 --Ca 141 186 225 267 309 351 15 57 100 --insert 44 45 46 47 48 49 136 137 138 346 347 348
python rep_pam.py 4u3j pdb4u3j C 326 536 41 --Ca 364 409 492 326 449 --insert 
python rep_pam.py 4u54 pdb4u54 A 89 481 42 --Ca 175 223 264 307 349 390 133 433 89 --insert 448 449 450 451 452 336 337 338 339 238 239 240
python rep_pam.py 4u58 pdb4u58 A 89 481 42 --Ca 89 176 133 264 223 349 390 433 307 --insert 448 449 450 451 452 238 239 240 336 337 338 339
python rep_pam.py 4u5l pdb4u5l A 89 481 42 --Ca 133 89 175 223 264 307 433 390 349 --insert 336 337 338 339 448 449 450 451 452 238 239 240
python rep_pam.py 4u5n pdb4u5n A 89 480 42 --Ca 89 133 176 223 390 349 264 433 307 --insert 109 110 111 452 453 454 455 456 457 238 239 240
python rep_pam.py 4u5o pdb4u5o A 89 481 42 --Ca 89 133 175 223 307 264 349 390 433 --insert 448 449 450 451 452 109 110 111 238 239 240
python rep_pam.py 4u5s pdb4u5s A 89 481 42 --Ca 89 133 176 264 349 390 433 223 307 --insert 109 110 111 448 449 450 451 452 238 239 240
python rep_pam.py 4u5u pdb4u5u A 89 481 42 --Ca 89 176 133 264 223 307 349 433 390 --insert 109 110 111 448 449 450 451 452 238 239 240
python rep_pam.py 4u5v pdb4u5v A 89 481 42 --Ca 89 133 176 223 264 307 433 390 349 --insert 109 110 111 448 449 450 451 452 238 239 240
python rep_pam.py 4uae pdb4uae A 85 469 41 --Ca 85 128 170 255 340 297 212 382 424 --insert 
python rep_pam.py 4uaf pdb4uaf B 89 481 42 --Ca 133 175 223 264 307 349 89 390 433 --insert 219 220 221 222
python rep_pam.py 4uuc pdb4uuc A 66 286 30 --Ca 66 163 131 197 229 261 98 --insert 
python rep_pam.py 4v3o pdb4v3o A 4 292 40 --Ca 4 84 126 168 210 42 252 --insert 
python rep_pam.py 4v3o pdb4v3o B 4 292 40 --Ca 4 42 126 168 210 252 84 --insert 
python rep_pam.py 4v3o pdb4v3o C 4 291 40 --Ca 42 4 84 126 168 252 210 --insert 
python rep_pam.py 4v3o pdb4v3o D 4 289 39 --Ca 4 42 168 126 210 252 84 --insert 
python rep_pam.py 4v3q pdb4v3q A 4 250 40 --Ca 4 42 210 168 84 126 --insert 
python rep_pam.py 4v3q pdb4v3q B 4 250 40 --Ca 4 42 84 126 168 210 --insert 
python rep_pam.py 4v3q pdb4v3q C 4 248 39 --Ca 42 4 126 84 168 210 --insert 
python rep_pam.py 4v3q pdb4v3q D 4 247 39 --Ca 4 42 84 168 126 210 --insert 
python rep_pam.py 4wn4 pdb4wn4 A 108 281 33 --Ca 108 142 247 212 177 --insert 
python rep_pam.py 4wn4 pdb4wn4 B 108 282 34 --Ca 108 143 178 248 213 --insert 
python rep_pam.py 4wv6 pdb4wv6 A 90 480 42 --Ca 90 133 175 307 223 349 391 433 264 --insert 109 110 111 452 453 454 455 456 457 237 238 239 240 241 242 243 244 245 246 247 248 249 250 251 252 253 254 255 256 257 258 259 260 261 262 263 264 265 266 267 268 269 270 271 272 273 274 275 276 277 278 279 280 281 282 283 284 285 286 287 288 289 290 291 292 293 294 295 296 297 298 299 300 301 302 303 304 305 306 307 308 309 310 311 312 313 314 315 316 317 318 319 320 321 322 323 324 325 326 327 328 329 330 331 332 333 334 335 336 337 338 339 340
python rep_pam.py 4xi0 pdb4xi0 A 41 213 33 --Ca 41 77 108 142 176 --insert 
python rep_pam.py 4xi0 pdb4xi0 B 41 212 33 --Ca 108 142 77 176 41 --insert 
python rep_pam.py 4xi0 pdb4xi0 C 41 211 33 --Ca 41 108 77 142 176 --insert 
python rep_pam.py 4xi0 pdb4xi0 D 41 213 33 --Ca 41 77 108 142 176 --insert 
python rep_pam.py 4xi0 pdb4xi0 E 41 213 33 --Ca 41 77 108 176 142 --insert 
python rep_pam.py 4xi0 pdb4xi0 F 41 215 34 --Ca 41 77 108 142 176 --insert 
python rep_pam.py 4xl5 pdb4xl5 C 15 258 29 --Ca 15 42 135 104 166 197 228 73 --insert 
python rep_pam.py 4y6c pdb4y6c A 2 208 40 --Ca 2 42 84 125 168 --insert 
python rep_pam.py 4y6w pdb4y6w A 2 209 40 --Ca 2 44 86 126 170 --insert 
python rep_pam.py 4yi0 pdb4yi0 C 89 480 42 --Ca 89 133 175 223 349 390 433 307 264 --insert 448 449 450 451 452 238 239 240 106 107 108
python rep_pam.py 4zdu pdb4zdu A 89 480 42 --Ca 89 223 176 264 307 349 391 433 133 --insert 452 453 454 455 456 457 238 239 240
python rep_pam.py 4zv6 pdb4zv6 A 12 289 29 --Ca 12 42 73 104 166 197 228 135 259 --insert 
python rep_pam.py 5a5b pdb5a5b P 28 307 39 --Ca 28 71 153 193 110 274 234 --insert 44 45 46 47 48 49 50 51 52 53 54
python rep_pam.py 5aao pdb5aao C 13 168 30 --Ca 13 40 73 106 139 --insert 
python rep_pam.py 5aao pdb5aao H 13 166 29 --Ca 13 40 139 106 73 --insert 
python rep_pam.py 5aao pdb5aao I 12 168 30 --Ca 12 73 106 139 40 --insert 
python rep_pam.py 5aei pdb5aei B 22 272 40 --Ca 22 105 147 189 231 63 --insert 
python rep_pam.py 5aei pdb5aei C 22 272 40 --Ca 22 63 147 105 189 231 --insert 
python rep_pam.py 5aq7 pdb5aq7 A 13 170 30 --Ca 13 39 73 105 139 --insert 
python rep_pam.py 5aq7 pdb5aq7 B 13 170 30 --Ca 13 105 139 39 73 --insert 
python rep_pam.py 5b56 pdb5b56 A 89 480 42 --Ca 89 133 175 264 223 307 433 349 390 --insert 106 107 108 448 449 450 451 452 238 239 240
python rep_pam.py 5b56 pdb5b56 B 89 480 42 --Ca 89 175 133 223 264 307 349 433 390 --insert 106 107 108 448 449 450 451 452 238 239 240
python rep_pam.py 5br5 pdb5br5 A 19 211 31 --Ca 19 82 51 113 180 145 --insert 67 68 69 70 71 72 73 74 75 76 77 78 79
python rep_pam.py 5c9s pdb5c9s B 1471 1721 34 --Ca 1471 1507 1546 1581 1685 1651 1614 --insert 
python rep_pam.py 5ctt pdb5ctt A 89 480 42 --Ca 133 89 175 223 390 349 264 433 307 --insert 106 107 108 448 449 450 451 452 238 239 240
python rep_pam.py 5d0o pdb5d0o D 31 241 34 --Ca 31 141 65 102 173 208 --insert 
python rep_pam.py 5d5k pdb5d5k C 89 480 42 --Ca 89 175 133 223 264 307 349 390 433 --insert 106 107 108 448 449 450 451 452 238 239 240
python rep_pam.py 5dbk pdb5dbk A 67 418 38 --Ca 146 187 225 266 302 346 382 67 106 --insert 
python rep_pam.py 5dbk pdb5dbk B 68 418 38 --Ca 68 147 186 224 266 303 343 104 382 --insert 
python rep_pam.py 5dcq pdb5dcq A 10 164 30 --Ca 72 103 10 134 41 --insert 
python rep_pam.py 5dcq pdb5dcq B 10 164 30 --Ca 10 41 72 103 134 --insert 
python rep_pam.py 5dcq pdb5dcq C 10 164 30 --Ca 10 41 72 103 134 --insert 
python rep_pam.py 5dn7 pdb5dn7 A 367 553 36 --Ca 367 445 404 482 520 --insert 
python rep_pam.py 5e6q pdb5e6q B 89 481 42 --Ca 89 133 176 223 349 307 264 390 433 --insert 219 220 221 222
python rep_pam.py 5ekf pdb5ekf A 89 481 42 --Ca 133 175 217 89 264 307 349 433 390 --insert 336 337 338 339 448 449 450 451 452 238 239 240
python rep_pam.py 5ekg pdb5ekg A 89 480 42 --Ca 89 133 223 264 307 349 390 175 433 --insert 106 107 108 448 449 450 451 452 238 239 240
python rep_pam.py 5et1 pdb5et1 A 3 329 31 --Ca 3 38 72 106 140 208 174 274 303 242 --insert 170 171 172 173
python rep_pam.py 5fc8 pdb5fc8 E 89 480 42 --Ca 89 132 175 263 222 306 348 391 434 --insert 
python rep_pam.py 5g04 pdb5g04 X 37 539 32 --Ca 37 76 132 167 200 232 267 303 337 404 439 474 507 371 --insert 66 67 68 69 70 71 72 73 74 75
python rep_pam.py 5g04 pdb5g04 Y 37 539 32 --Ca 37 76 132 200 167 232 267 337 303 371 474 439 404 507 --insert 66 67 68 69 70 71 72 73 74 75
python rep_pam.py 5g05 pdb5g05 X 37 539 32 --Ca 37 76 132 167 232 268 303 337 404 200 371 507 474 439 --insert 66 67 68 69 70 71 72 73 74 75
python rep_pam.py 5g05 pdb5g05 Y 37 539 32 --Ca 76 37 132 200 167 303 371 267 337 404 439 232 474 507 --insert 66 67 68 69 70 71 72 73 74 75
python rep_pam.py 5gxw pdb5gxw A 89 480 42 --Ca 89 133 175 223 306 264 348 390 433 --insert 219 220 221 222
python rep_pam.py 5h43 pdb5h43 A 89 480 42 --Ca 89 175 221 132 263 307 434 348 390 --insert 
python rep_pam.py 5hhg pdb5hhg E 89 480 42 --Ca 89 133 264 307 349 433 390 223 175 --insert 106 107 108 238 239 240 448 449 450 451 452
python rep_pam.py 5huw pdb5huw C 89 480 42 --Ca 89 175 132 222 263 306 348 391 434 --insert 
python rep_pam.py 5huy pdb5huy C 89 480 42 --Ca 89 133 175 223 264 349 390 433 307 --insert 106 107 108 238 239 240 448 449 450 451 452
python rep_pam.py 5i9d pdb5i9d A 49 399 34 --Ca 49 85 155 225 260 330 294 365 119 190 --insert 
python rep_pam.py 5i9f pdb5i9f A 48 424 33 --Ca 48 83 118 223 258 153 293 363 328 398 188 --insert 
python rep_pam.py 5i9g pdb5i9g C 51 396 33 --Ca 84 51 224 189 119 259 294 329 364 154 --insert 
python rep_pam.py 5k9s pdb5k9s A 90 480 42 --Ca 90 133 222 176 264 306 348 434 390 --insert 
python rep_pam.py 5kl1 pdb5kl1 A 1108 1391 34 --Ca 1108 1208 1136 1172 1280 1244 1316 1353 --insert 
python rep_pam.py 5kla pdb5kla A 1108 1425 34 --Ca 1108 1138 1281 1173 1317 1354 1393 1246 1209 --insert 
python rep_pam.py 5klr pdb5klr B 89 480 42 --Ca 89 133 307 223 175 264 390 349 433 --insert 106 107 108 448 449 450 451 452 238 239 240
python rep_pam.py 5klt pdb5klt B 89 480 42 --Ca 89 175 133 223 264 349 307 390 433 --insert 106 107 108 238 239 240 448 449 450 451 452
python rep_pam.py 5lfl pdb5lfl A 43 208 32 --Ca 43 75 109 143 177 --insert 
python rep_pam.py 5lfl pdb5lfl B 43 208 32 --Ca 43 75 109 143 177 --insert 
python rep_pam.py 5lfl pdb5lfl C 43 208 32 --Ca 43 75 109 143 177 --insert 
python rep_pam.py 5lfl pdb5lfl D 43 208 32 --Ca 43 177 75 109 143 --insert 
python rep_pam.py 5lfl pdb5lfl E 43 208 32 --Ca 75 109 177 143 43 --insert 
python rep_pam.py 5lfl pdb5lfl F 43 208 32 --Ca 43 75 177 109 143 --insert 
python rep_pam.py 5lfm pdb5lfm A 42 208 32 --Ca 42 107 141 74 175 --insert 
python rep_pam.py 5lfm pdb5lfm B 42 208 32 --Ca 107 74 42 141 175 --insert 
python rep_pam.py 5lfm pdb5lfm C 42 208 32 --Ca 74 42 107 141 175 --insert 
python rep_pam.py 5lfm pdb5lfm D 42 208 32 --Ca 42 107 74 141 175 --insert 
python rep_pam.py 5lfm pdb5lfm E 42 208 32 --Ca 42 107 74 141 175 --insert 
python rep_pam.py 5lfm pdb5lfm F 42 208 32 --Ca 74 42 141 107 175 --insert 
python rep_pam.py 5mfc pdb5mfc A 22 272 40 --Ca 22 105 147 189 231 63 --insert 
python rep_pam.py 5mfc pdb5mfc C 22 272 40 --Ca 22 63 105 147 189 231 --insert 
python rep_pam.py 5mfe pdb5mfe A 24 271 40 --Ca 24 64 106 148 190 232 --insert 
python rep_pam.py 5mfe pdb5mfe C 22 272 40 --Ca 22 63 105 231 147 189 --insert 
python rep_pam.py 5mfe pdb5mfe D 22 272 40 --Ca 22 63 105 147 189 231 --insert 
python rep_pam.py 5mff pdb5mff A 22 272 40 --Ca 22 63 105 189 147 231 --insert 
python rep_pam.py 5mfh pdb5mfh A 22 272 40 --Ca 105 147 189 231 22 63 --insert 
python rep_pam.py 5mfh pdb5mfh B 22 272 40 --Ca 63 22 105 147 189 231 --insert 
python rep_pam.py 5mfh pdb5mfh C 22 272 40 --Ca 22 105 63 147 231 189 --insert 
python rep_pam.py 5mfh pdb5mfh D 22 272 40 --Ca 63 22 105 147 231 189 --insert 
python rep_pam.py 5mfk pdb5mfk A 21 230 41 --Ca 62 21 189 147 104 --insert 
python rep_pam.py 5mfk pdb5mfk B 21 230 41 --Ca 21 104 63 189 147 --insert 
python rep_pam.py 5mfn pdb5mfn A 24 271 40 --Ca 24 64 106 148 190 232 --insert 
python rep_pam.py 5mfn pdb5mfn B 24 271 40 --Ca 24 64 106 148 232 190 --insert 
python rep_pam.py 5nlg pdb5nlg A 1471 1718 34 --Ca 1471 1511 1545 1580 1686 1650 1616 --insert 
python rep_pam.py 5nr4 pdb5nr4 A 6 227 29 --Ca 6 51 92 168 125 202 --insert 81 82 83 84 85 86 87 88 89 90 91 158 159 160 161 162 163 164 165 166 167 35 36 37 38 39 40 41 42 43 44 45 46 47 48 49 50
python rep_pam.py 5oj8 pdb5oj8 A 213 410 29 --Ca 213 255 297 381 339 --insert 243 244 245 246 247 248 249 250 251 252 253 254 327 328 329 330 331 332 333 334 335 336 337 338 285 286 287 288 289 290 291 292 293 294 295 296 369 370 371 372 373 374 375 376 377 378 379 380
python rep_pam.py 5osi pdb5osi B 486 779 43 --Ca 486 575 526 693 737 621 --insert 665 666 667 668 669 670 671 672 673 674 675 676 677 678 679 680 681 682 683 684 685 686 687 688 689 690 691 692
python rep_pam.py 5svz pdb5svz A 89 480 42 --Ca 89 132 175 222 263 306 348 434 391 --insert 
python rep_pam.py 5u5p pdb5u5p A 89 480 42 --Ca 89 222 175 263 306 348 390 434 132 --insert 
python rep_pam.py 5u5r pdb5u5r A 89 480 42 --Ca 89 132 175 263 306 346 434 390 222 --insert 
python rep_pam.py 5umz pdb5umz B 89 480 42 --Ca 132 89 222 175 263 306 434 390 348 --insert 
python rep_pam.py 5v5o pdb5v5o C 89 480 42 --Ca 89 132 306 263 175 348 391 434 222 --insert 
python rep_pam.py 5v5p pdb5v5p C 89 480 42 --Ca 89 132 175 348 263 391 434 222 306 --insert 
python rep_pam.py 5vhf pdb5vhf G 8 203 31 --Ca 8 73 106 172 40 139 --insert 
python rep_pam.py 5vhh pdb5vhh G 8 203 31 --Ca 8 106 73 172 139 40 --insert 
python rep_pam.py 5vhi pdb5vhi G 7 203 31 --Ca 73 7 40 172 139 106 --insert 
python rep_pam.py 5vhj pdb5vhj G 8 202 31 --Ca 8 40 105 72 138 171 --insert 
python rep_pam.py 5vhm pdb5vhm G 7 201 31 --Ca 38 7 103 136 169 70 --insert 
python rep_pam.py 5vho pdb5vho G 40 203 31 --Ca 40 72 105 138 171 --insert 
python rep_pam.py 5vhp pdb5vhp G 7 203 31 --Ca 7 39 105 138 171 72 --insert 
python rep_pam.py 5vhr pdb5vhr G 8 203 31 --Ca 39 8 72 105 138 171 --insert 
python rep_pam.py 5w0w pdb5w0w J 10 584 37 --Ca 10 43 120 159 81 197 236 316 275 395 435 356 477 513 552 --insert 
python rep_pam.py 5w41 pdb5w41 A 89 480 42 --Ca 132 89 175 306 263 348 391 434 222 --insert 
python rep_pam.py 5w4e pdb5w4e B 89 480 42 --Ca 132 89 175 222 306 391 348 434 263 --insert 
python rep_pam.py 5w4f pdb5w4f B 89 480 42 --Ca 89 132 175 222 263 306 348 391 434 --insert 
python rep_pam.py 5w4g pdb5w4g B 89 480 42 --Ca 132 89 176 222 305 348 390 434 263 --insert 
python rep_pam.py 5wum pdb5wum A 89 480 42 --Ca 89 132 175 348 263 222 306 391 434 --insert 
python rep_pam.py 5wun pdb5wun A 89 479 42 --Ca 89 132 263 305 175 390 347 433 221 --insert 
python rep_pam.py 5wwm pdb5wwm A 1471 1718 34 --Ca 1508 1471 1541 1576 1647 1613 1682 --insert 
python rep_pam.py 5x8n pdb5x8n A 89 480 42 --Ca 89 175 222 263 306 391 348 434 132 --insert 
python rep_pam.py 5xzx pdb5xzx A 85 469 41 --Ca 85 213 170 128 255 339 381 424 297 --insert 
python rep_pam.py 5y4e pdb5y4e B 1266 1462 31 --Ca 1266 1298 1331 1364 1397 1430 --insert 
python rep_pam.py 5y4f pdb5y4f A 430 824 31 --Ca 430 462 561 528 495 660 627 693 759 726 792 594 --insert 
python rep_pam.py 5y4f pdb5y4f B 430 824 31 --Ca 430 495 462 528 561 594 627 660 759 792 726 693 --insert 
python rep_pam.py 6bvt pdb6bvt E 89 480 42 --Ca 89 175 132 222 263 306 434 348 390 --insert 
python rep_pam.py 6bvv pdb6bvv A 85 469 41 --Ca 170 85 213 297 339 255 381 128 425 --insert 
python rep_pam.py 6bvz pdb6bvz A 85 469 41 --Ca 85 170 128 255 213 297 339 381 425 --insert 
python rep_pam.py 6bw0 pdb6bw0 E 89 480 42 --Ca 175 132 89 263 222 306 391 348 434 --insert 
python rep_pam.py 6bw1 pdb6bw1 E 89 480 42 --Ca 89 132 175 222 263 434 391 306 348 --insert 
python rep_pam.py 6bw9 pdb6bw9 A 85 469 41 --Ca 85 128 170 213 255 297 381 425 339 --insert 
python rep_pam.py 6bwa pdb6bwa A 85 469 41 --Ca 170 128 85 255 213 381 339 297 424 --insert 
python rep_pam.py 6bwb pdb6bwb A 84 469 41 --Ca 84 171 127 213 254 339 296 425 382 --insert 
python rep_pam.py 6bzx pdb6bzx A 11 288 29 --Ca 11 41 72 103 134 227 258 165 196 --insert 
python rep_pam.py 6d7m pdb6d7m B 89 479 42 --Ca 89 132 175 221 305 347 390 433 263 --insert 
python rep_pam.py 6d7n pdb6d7n B 89 479 42 --Ca 89 132 175 221 305 347 390 263 433 --insert 
python rep_pam.py 6ef4 pdb6ef4 A 43 586 37 --Ca 43 81 119 159 275 356 317 396 473 434 197 512 236 552 --insert 
python rep_pam.py 6eou pdb6eou A 58 392 32 --Ca 58 121 88 223 257 189 291 325 359 155 --insert 
python rep_pam.py 6ft5 pdb6ft5 A 18 200 29 --Ca 18 47 77 108 139 171 --insert 
python rep_pam.py 6iu7 pdb6iu7 A 89 480 42 --Ca 132 89 175 222 263 306 348 391 434 --insert 
python rep_pam.py 6iua pdb6iua A 89 480 42 --Ca 89 132 222 175 263 391 348 434 306 --insert 
python rep_pam.py 6iur pdb6iur A 10 586 37 --Ca 10 43 81 120 236 275 196 318 356 434 396 473 156 512 552 --insert 
python rep_pam.py 6iur pdb6iur B 8 586 37 --Ca 8 120 159 197 236 82 316 275 396 435 357 474 44 513 552 --insert 
python rep_pam.py 6iur pdb6iur E 10 586 37 --Ca 10 44 82 158 236 275 316 357 396 435 197 552 513 120 474 --insert 
python rep_pam.py 6iur pdb6iur F 11 587 37 --Ca 11 120 156 196 45 236 275 318 81 477 435 356 513 552 395 --insert 
python rep_pam.py 6iw8 pdb6iw8 C 90 481 42 --Ca 90 132 263 175 305 222 348 434 391 --insert 
python rep_pam.py 6iwa pdb6iwa C 89 480 42 --Ca 89 132 222 175 391 348 263 434 306 --insert 
python rep_pam.py 6k06 pdb6k06 C 89 480 42 --Ca 89 132 175 222 263 348 391 434 306 --insert 
python rep_pam.py 6mjl pdb6mjl B 89 480 42 --Ca 89 132 263 222 306 346 390 434 175 --insert 
python rep_pam.py 6nts pdb6nts A 7 587 37 --Ca 7 43 81 156 196 236 275 318 124 435 473 395 512 552 356 --insert 
python rep_pam.py 6p6a pdb6p6a B 89 480 42 --Ca 89 132 263 306 222 348 391 434 175 --insert 
python rep_pam.py 6p6e pdb6p6e A 89 480 42 --Ca 89 222 263 175 306 348 391 434 132 --insert 
python rep_pam.py 6q6g pdb6q6g Y 37 538 32 --Ca 37 77 167 132 303 268 200 371 337 404 439 473 232 507 --insert 64 65 66 67 68 69 70 71 72 73 74 75 76
python rep_pam.py 6q6h pdb6q6h Y 37 539 32 --Ca 37 76 167 233 200 269 337 303 371 404 132 439 474 507 --insert 66 67 68 69 70 71 72 73 74 75
python rep_pam.py 6tm5 pdb6tm5 X 37 539 33 --Ca 37 132 167 72 201 232 269 303 337 475 440 507 371 406 --insert 
python rep_pam.py 6v9h pdb6v9h C 36 289 30 --Ca 68 36 101 133 167 198 231 257 --insert 
